425.0 -1.6442861553804637 -23.565943921240663 13.427258116000797 -90.0 0.0 30.0 
294.0 -1.6442861553804637 -23.565943921240663 13.427258116000797 -90.0 0.0 30.0 
254.0 -1.6442861553804637 -23.565943921240663 13.427258116000797 -90.0 0.0 30.0 
254.0 -1.6442861553804637 -23.565943921240663 13.427258116000797 -90.0 0.0 0.0 
425.0 -1.6442861553804637 -23.565943921240663 13.427258116000797 -90.0 0.0 0.0 
425.0 24.75202015032562 -70.92660173018872 10.711280714768742 -90.0 0.0 0.0 
294.0 24.75202015032562 -70.92660173018872 10.711280714768742 -90.0 0.0 0.0 
274.0 24.75202015032562 -70.92660173018872 10.711280714768742 -90.0 0.0 0.0 
254.0 24.75202015032562 -70.92660173018872 10.711280714768742 -90.0 0.0 30.0 
425.0 24.75202015032562 -70.92660173018872 10.711280714768742 -90.0 0.0 30.0 
