407.0 73.8243731819035 -125.80741081482535 -10.920667774490823 -90.0 0.0 30.0 
247.0 73.8243731819035 -125.80741081482535 -10.920667774490823 -90.0 0.0 30.0 
242.5 73.8243731819035 -125.80741081482535 -10.920667774490823 -90.0 0.0 30.0 
242.5 73.8243731819035 -125.80741081482535 -10.920667774490823 -90.0 0.0 0.0 
262.5 67.3440100976597 -115.95608422767107 -9.36596798382417 -90.0 0.0 0.0 
262.5 60.94604104621436 -105.49985951737936 -8.19611128752468 -90.0 0.0 0.0 
262.5 66.78491184595806 -103.26717946273553 -15.1513221145903 -90.0 0.0 0.0 
262.5 66.78491184595806 -103.26717946273553 -15.1513221145903 -90.0 0.0 0.0 
252.5 66.78491184595806 -103.26717946273553 -15.1513221145903 -90.0 0.0 0.0 
242.5 66.78491184595806 -103.26717946273553 -15.1513221145903 -90.0 0.0 0.0 
407.0 66.78491184595806 -103.26717946273553 -15.1513221145903 -90.0 0.0 30.0 
