407.0 -1.6442861553804637 -23.565943921240663 13.427258116000797 -90.0 0.0 30.0 
247.0 -1.6442861553804637 -23.565943921240663 13.427258116000797 -90.0 0.0 30.0 
236.0 -1.6442861553804637 -23.565943921240663 13.427258116000797 -90.0 0.0 30.0 
236.0 -1.6442861553804637 -23.565943921240663 13.427258116000797 -90.0 0.0 0.0 
256.0 10.395888070086743 -62.29796911279541 20.753096486310962 -90.0 0.0 0.0 
256.0 17.423628475714164 -54.45093903312102 9.801841040846346 -90.0 0.0 0.0 
256.0 24.75202015032562 -70.92660173018872 10.711280714768742 -90.0 0.0 0.0 
256.0 24.75202015032562 -70.92660173018872 10.711280714768742 -90.0 0.0 0.0 
246.0 24.75202015032562 -70.92660173018872 10.711280714768742 -90.0 0.0 0.0 
236.0 24.75202015032562 -70.92660173018872 10.711280714768742 -90.0 0.0 0.0 
407.0 24.75202015032562 -70.92660173018872 10.711280714768742 -90.0 0.0 30.0 
